1.676213238539745817e+03
1.597819019523288944e+02
7.276775706634542473e+01
5.973168518723962706e+01
5.394962379445068734e+01
4.423193205518469995e+01
3.994763940388371992e+01
3.922529778375569265e+01
3.661323951435926460e+01
3.615487763087680406e+01
3.319295363958040213e+01
2.927352592936555453e+01
2.800733551045659198e+01
2.698965807929915783e+01
2.489558563608148845e+01
2.274770287189565465e+01
2.185975737673675923e+01
2.183728176180338210e+01
2.048870627980714687e+01
2.033698288451697778e+01
1.999998550684301790e+01
1.814298017360997761e+01
1.799472106571094798e+01
1.760609154008158228e+01
1.645912383744325425e+01
1.627937045885425249e+01
1.615099878559210822e+01
1.422768335115734573e+01
