1.554876466827444347e+03
1.591691094426097948e+02
7.166585551505701801e+01
5.290575425876615867e+01
4.452033058075904393e+01
3.864230356412163303e+01
3.706893228772429438e+01
3.302295687795930945e+01
2.832191802849474271e+01
2.801761478109883541e+01
2.588314613295214883e+01
2.191580907230911635e+01
2.106409554503757420e+01
2.035475257898047730e+01
1.949510598449426269e+01
1.948444844629169026e+01
1.778786098262337134e+01
1.508931895950581570e+01
1.447062968307652575e+01
1.414340213712242544e+01
