1.746572906542494138e+03
1.600200010115854070e+02
7.344601032012553787e+01
5.996444623797998474e+01
5.466467110698660292e+01
4.656244882162717857e+01
4.573808952425708441e+01
4.175604403454056524e+01
3.905470092638081070e+01
3.673778984921332835e+01
3.457945241988585394e+01
3.340388899340958062e+01
2.950414802881427434e+01
2.825538799295670955e+01
2.713155790349248875e+01
2.349603111519354215e+01
2.321569819508404819e+01
2.225682643729452437e+01
2.179964071469391129e+01
2.116800378264080251e+01
2.066463952813343496e+01
2.052412714094294799e+01
1.948576785809279244e+01
1.943030727884185183e+01
1.857091346880055838e+01
1.807093461095623965e+01
1.775439415653569242e+01
1.732744664774508792e+01
1.659141665993681158e+01
1.551646497817127113e+01
1.427512749044453066e+01
1.095326054983945774e+01
