1.756346686312470865e+03
1.600972349860865052e+02
7.372482272041226281e+01
6.018686418465544108e+01
5.507049211411732159e+01
4.741249991869576519e+01
4.578068337065563043e+01
4.199974719386595012e+01
3.910303118536893408e+01
3.695914981203720373e+01
3.471433263188502139e+01
3.341558232169495568e+01
2.979134921376804002e+01
2.830919461845867957e+01
2.727126319315598124e+01
2.429335609237602256e+01
2.400878484975259042e+01
2.341003894730665991e+01
2.321490473965845425e+01
2.220788729138100948e+01
2.187388233098373647e+01
2.136594340883841170e+01
2.077369704856999277e+01
2.018016902982455107e+01
1.978846601577567554e+01
1.916490554408558822e+01
1.894789840683411342e+01
1.873912165492825466e+01
1.813130401365068778e+01
1.728206506466018055e+01
1.710374571546664768e+01
1.519384452793813267e+01
1.512630893759398987e+01
1.404410406202475770e+01
1.375916066873999988e+01
1.014769474627458656e+01
