1.578785679460364463e+03
1.596529717172143137e+02
7.168496966357433564e+01
5.881281796760569591e+01
5.353670067285953849e+01
4.314688696971307280e+01
3.932067423104702897e+01
3.827105420768926791e+01
3.419394375868549218e+01
3.322859786282229777e+01
3.241708747843228622e+01
2.805027342608146412e+01
2.639707429474911038e+01
2.575407263191196350e+01
2.231317884563544496e+01
2.080439932323146479e+01
2.036874204764735907e+01
1.979323101039636512e+01
1.801566031309313587e+01
1.793383114234616116e+01
1.645908166383829041e+01
1.618129296668742256e+01
1.475293896682438444e+01
1.354237227586093972e+01
